0:
##.
###
#.#

1:
###
#.#
#.#

2:
#..
##.
###

3:
###
.#.
###

4:
..#
.##
##.

5:
###
###
..#

40x41: 44 53 34 42 33 43
44x43: 31 27 44 35 36 23
39x48: 55 39 45 51 42 54
50x36: 51 48 50 42 50 38
41x37: 20 31 26 27 32 19
35x39: 25 24 22 25 19 28
43x39: 27 35 26 43 32 19
50x40: 45 55 57 52 42 55
35x42: 37 44 35 45 37 28
35x50: 34 31 34 25 27 24
35x47: 32 24 30 20 30 28
36x45: 50 33 44 30 49 46
38x46: 26 28 36 31 32 27
43x49: 31 49 38 41 30 34
44x50: 41 63 59 53 52 70
35x41: 25 22 17 24 27 28
42x42: 39 45 22 30 30 30
39x47: 34 29 42 28 26 35
42x37: 46 34 47 34 35 43
44x41: 21 30 30 30 33 37
42x49: 41 29 37 32 45 40
43x43: 31 37 34 23 35 35
37x37: 35 33 39 39 27 36
49x47: 67 59 60 49 67 55
43x43: 25 37 45 39 28 21
44x36: 32 29 25 28 32 22
46x47: 43 41 28 46 36 31
44x44: 43 26 29 33 28 36
42x37: 23 35 26 21 33 29
41x48: 47 44 43 61 47 59
38x41: 41 49 34 43 36 35
48x41: 50 52 47 57 55 43
45x41: 39 41 44 58 59 46
40x42: 47 40 40 44 45 43
48x44: 42 38 35 34 32 42
48x40: 34 35 37 36 33 32
39x37: 25 18 23 29 34 27
50x36: 37 52 44 45 43 55
48x35: 31 32 29 23 25 36
49x47: 61 53 66 61 57 57
35x44: 40 41 39 40 46 33
49x49: 65 53 80 65 57 51
38x38: 33 45 37 34 56 23
38x44: 40 55 47 43 39 33
44x49: 43 63 54 65 66 44
37x43: 44 37 31 46 42 44
44x47: 44 55 55 51 57 58
49x42: 31 38 26 33 41 55
47x45: 38 46 42 41 26 31
42x45: 34 26 41 32 35 41
46x40: 34 35 37 27 24 37
42x50: 41 47 55 54 66 64
49x45: 31 37 53 32 36 50
44x48: 43 36 35 39 34 37
46x46: 37 48 30 32 44 33
45x42: 40 31 32 35 36 36
47x39: 27 32 30 40 23 42
38x35: 28 39 36 28 37 38
36x40: 41 37 36 35 34 38
49x41: 55 43 47 46 53 65
44x45: 33 34 37 42 28 36
48x45: 59 56 54 44 64 58
38x47: 51 46 59 43 35 40
35x44: 15 19 34 24 25 36
45x47: 48 57 55 58 62 48
44x37: 27 30 26 30 27 28
46x50: 61 68 71 44 60 52
44x48: 41 37 34 52 31 28
48x44: 36 41 40 29 33 45
42x50: 62 56 62 43 41 57
36x44: 42 39 39 40 35 47
48x50: 71 52 74 62 60 52
38x43: 28 27 25 30 27 31
44x36: 36 32 24 16 25 34
37x50: 54 52 44 48 36 47
42x43: 28 29 37 45 38 18
44x47: 34 51 38 27 26 33
37x37: 30 30 43 34 39 37
36x36: 29 32 42 26 41 33
49x35: 28 25 24 32 31 36
35x47: 44 33 35 53 41 46
38x49: 41 42 56 55 44 49
47x48: 37 43 43 45 44 28
48x46: 71 53 52 53 56 54
39x39: 26 26 25 38 30 24
44x44: 36 37 27 23 39 33
45x40: 33 33 22 37 41 29
36x43: 32 39 42 48 41 37
38x46: 44 47 38 39 37 61
47x35: 19 33 22 31 29 31
36x35: 24 25 22 18 25 17
35x48: 29 35 23 31 28 29
44x48: 36 26 40 44 39 38
46x41: 34 29 25 46 29 32
50x43: 38 31 48 34 32 41
44x42: 57 36 38 41 47 64
36x47: 25 24 37 35 30 29
46x46: 35 39 27 36 39 48
42x40: 42 50 42 31 48 47
45x38: 32 47 49 46 37 51
40x44: 40 50 41 47 51 43
36x37: 31 38 36 30 25 43
50x42: 37 35 39 42 31 40
42x37: 28 32 22 42 27 17
43x39: 42 30 19 27 28 35
38x41: 41 42 40 36 43 39
43x45: 46 30 36 30 37 30
43x49: 48 30 39 37 34 35
38x41: 33 43 42 50 29 40
41x43: 21 26 39 35 26 34
35x39: 24 29 23 29 17 21
37x44: 27 38 27 21 36 19
37x44: 24 28 26 29 35 26
35x45: 31 23 31 18 26 36
36x43: 43 45 34 40 37 38
43x41: 21 29 30 35 31 36
42x48: 39 38 38 37 31 40
43x41: 27 34 30 36 29 26
36x48: 49 52 32 41 50 42
39x40: 38 40 48 32 56 32
36x42: 28 43 44 46 33 38
43x39: 28 25 34 38 31 26
36x42: 41 29 42 33 48 43
46x38: 26 26 32 29 38 28
35x41: 50 40 32 32 39 28
45x48: 51 46 65 65 59 49
40x43: 27 30 36 36 30 23
40x48: 65 45 47 47 44 46
36x36: 29 40 29 32 37 33
45x36: 37 52 37 43 35 43
41x42: 46 46 34 49 41 47
47x37: 43 48 51 40 49 39
43x37: 41 42 46 46 35 34
40x35: 33 30 35 41 37 40
50x40: 34 34 39 34 36 31
47x47: 69 59 42 67 49 50
37x38: 30 24 21 20 16 33
41x41: 34 29 30 22 25 28
48x50: 50 35 42 39 41 49
37x39: 41 27 31 49 35 38
39x43: 49 40 40 45 43 41
38x41: 36 41 42 32 53 40
48x46: 36 38 44 42 36 44
37x50: 31 32 38 32 31 28
37x44: 43 41 47 40 50 33
37x47: 30 23 29 37 32 28
36x46: 33 32 27 32 32 23
36x35: 13 30 22 20 25 22
44x46: 30 37 45 39 22 37
40x45: 48 44 45 41 49 51
46x46: 50 55 59 56 49 56
45x41: 33 30 39 27 38 27
43x40: 35 29 29 29 30 30
40x43: 33 38 31 31 28 20
41x35: 25 12 20 33 29 23
38x37: 25 22 20 20 26 31
47x47: 42 35 32 29 42 45
49x45: 47 64 59 65 50 53
35x48: 18 34 21 26 31 45
46x38: 36 52 38 41 54 50
41x37: 32 41 40 34 36 50
35x42: 42 33 39 43 36 33
43x48: 48 47 49 51 63 62
41x47: 42 70 49 50 33 48
44x45: 38 30 41 35 33 33
37x44: 29 30 32 29 24 24
41x44: 29 34 29 28 32 29
40x36: 24 32 29 23 21 26
41x37: 37 37 45 41 33 40
44x49: 41 30 37 35 35 45
37x48: 28 36 27 43 32 26
44x38: 32 29 27 28 33 18
37x44: 23 29 34 20 37 25
42x49: 54 48 57 55 48 54
40x45: 45 41 42 53 48 48
39x48: 33 32 32 34 34 43
37x36: 26 30 45 33 35 38
47x38: 49 46 46 42 38 52
41x36: 22 26 28 20 31 28
50x43: 41 36 42 31 42 32
35x37: 31 30 30 39 36 34
42x36: 39 34 36 43 41 40
46x46: 46 40 32 30 33 44
42x37: 34 37 43 43 37 45
49x35: 40 34 15 32 31 24
35x46: 43 36 48 46 31 42
47x39: 35 50 47 42 56 55
50x46: 52 68 73 56 66 43
41x47: 31 43 27 33 29 31
38x38: 34 39 38 48 32 30
37x36: 44 25 41 30 33 33
39x50: 55 56 59 41 52 39
38x44: 30 25 27 28 26 32
39x36: 38 34 34 43 32 34
40x47: 30 35 41 27 30 31
47x45: 53 60 63 50 55 46
38x40: 34 50 40 41 41 29
39x47: 31 29 38 30 32 35
38x50: 35 31 25 27 47 27
42x37: 27 30 27 27 30 27
37x47: 25 31 34 34 28 27
40x43: 24 36 34 27 30 31
46x38: 54 42 33 46 43 49
41x37: 22 21 21 17 33 42
42x40: 42 45 36 46 44 45
48x46: 49 63 55 68 50 53
49x36: 56 41 42 43 45 44
45x49: 33 34 32 52 43 45
37x45: 26 30 43 24 25 32
40x39: 37 28 27 26 24 26
45x43: 36 30 37 39 39 29
47x47: 41 34 38 37 46 28
42x37: 24 25 32 26 24 37
50x42: 57 51 59 47 57 54
50x49: 59 60 56 66 76 63
42x41: 53 40 46 42 46 39
44x50: 37 45 28 35 38 40
41x38: 33 15 23 28 32 24
48x36: 42 47 44 44 44 45
48x38: 36 34 28 30 33 31
37x45: 37 24 28 36 27 28
48x47: 41 42 37 42 41 36
45x48: 51 33 45 44 28 39
43x43: 21 36 35 38 32 33
39x41: 28 30 24 35 26 25
38x44: 29 25 28 25 26 34
45x35: 30 31 27 24 31 21
47x36: 32 30 35 23 32 28
38x48: 36 33 38 34 28 22
46x42: 54 56 48 47 49 43
37x35: 33 35 28 41 30 31
45x49: 62 50 44 64 58 60
43x47: 44 32 35 35 30 33
45x38: 44 35 33 51 51 50
48x36: 36 27 22 36 40 31
42x42: 45 49 40 44 42 50
40x35: 18 32 28 27 17 21
46x44: 45 32 38 26 32 37
44x43: 28 37 36 33 29 32
44x42: 46 44 43 47 62 46
41x43: 29 23 23 40 32 35
37x42: 29 39 45 35 47 47
49x35: 30 39 27 32 21 26
48x38: 33 30 33 36 20 40
49x49: 65 69 50 58 72 57
37x36: 22 27 17 23 31 23
49x42: 37 30 40 43 37 36
42x43: 31 26 29 35 39 35
40x40: 36 30 25 31 22 25
46x41: 42 52 55 43 43 55
47x37: 36 48 43 53 46 42
48x46: 31 44 40 42 36 47
43x37: 36 30 22 24 27 28
47x44: 56 45 55 53 51 58
39x39: 28 30 30 29 23 28
37x36: 24 21 24 25 28 21
50x46: 59 58 60 51 62 65
38x50: 52 40 53 52 45 50
37x45: 38 44 39 43 46 47
50x48: 58 68 53 63 61 65
49x50: 50 55 69 72 73 62
48x39: 24 42 35 39 38 29
44x50: 67 49 56 53 58 56
46x49: 42 33 38 39 45 43
48x35: 33 30 18 29 34 31
35x38: 40 32 26 35 35 36
39x50: 38 30 27 37 43 32
47x42: 41 40 32 35 30 31
40x36: 25 28 25 26 32 19
37x43: 29 23 23 37 17 39
45x44: 35 34 35 34 31 40
46x47: 41 36 38 40 32 37
43x36: 30 45 43 39 50 35
38x40: 22 25 23 32 21 33
38x38: 41 29 46 31 38 39
42x42: 37 33 36 35 24 31
36x41: 20 22 27 28 33 25
38x37: 22 22 27 24 25 23
43x37: 28 36 26 32 23 22
42x43: 37 32 27 39 29 32
38x49: 34 37 22 32 40 26
41x40: 26 27 23 28 33 31
37x36: 29 22 24 16 27 25
46x37: 26 26 27 38 31 32
38x39: 26 39 36 45 28 51
48x44: 46 40 29 40 34 34
44x40: 41 35 49 59 47 41
49x50: 38 42 38 43 45 49
50x39: 45 56 54 50 36 56
41x49: 34 27 26 43 32 45
39x50: 45 54 48 60 47 45
48x43: 53 54 45 44 75 52
44x42: 56 49 36 55 48 39
48x35: 27 25 27 31 34 32
44x35: 30 28 23 27 17 29
40x37: 33 44 36 48 29 35
37x42: 35 28 24 22 28 30
43x40: 42 45 60 50 43 27
40x48: 42 36 31 34 35 30
35x48: 41 42 43 38 48 48
43x47: 31 43 30 43 25 38
38x40: 35 40 34 39 44 43
41x45: 45 60 43 43 39 51
41x40: 53 32 44 42 39 42
43x49: 55 54 58 56 47 53
46x46: 29 31 39 50 27 49
47x45: 36 41 32 29 44 42
46x48: 45 37 36 41 43 38
36x35: 30 30 39 31 36 30
39x47: 52 50 38 39 51 52
50x50: 42 47 34 48 39 45
49x47: 55 57 60 61 63 60
41x37: 34 38 36 45 38 42
47x42: 33 38 34 38 30 36
44x41: 19 27 40 34 29 33
44x49: 50 58 52 48 74 55
35x46: 42 39 42 40 38 46
42x40: 39 44 34 52 42 46
41x46: 43 41 59 50 49 50
46x41: 21 41 39 34 29 30
46x38: 44 51 43 42 45 44
35x36: 14 17 14 28 28 31
43x43: 39 42 51 40 50 64
48x49: 65 55 66 73 57 46
35x41: 26 26 23 23 24 21
39x47: 52 47 51 45 37 48
39x37: 36 27 47 35 31 46
38x40: 24 29 19 32 28 23
40x50: 56 41 47 46 64 57
37x37: 42 34 32 45 33 24
48x44: 26 42 29 40 37 50
37x37: 35 37 35 39 39 27
36x47: 45 40 47 45 39 44
41x50: 59 51 42 44 76 49
36x47: 30 32 29 29 28 32
45x39: 26 41 33 25 37 33
38x37: 30 31 26 13 24 19
40x40: 46 32 50 38 42 40
48x46: 55 62 53 58 55 56
47x39: 51 56 56 49 38 31
42x47: 53 52 45 49 54 51
41x46: 51 51 55 47 50 38
39x40: 32 28 22 32 31 24
45x45: 53 40 43 62 50 62
40x38: 22 30 23 31 18 31
50x42: 45 29 40 39 33 37
46x35: 47 45 35 37 48 37
38x45: 28 30 21 27 41 33
46x42: 36 54 53 41 50 64
36x48: 35 34 24 24 34 41
40x35: 19 29 26 23 21 25
46x40: 32 41 38 28 27 28
35x43: 28 16 30 32 27 20
46x46: 60 56 57 59 53 41
49x40: 50 66 47 47 49 42
50x35: 31 26 21 33 29 36
37x48: 32 25 38 33 32 31
42x36: 28 27 24 23 32 34
35x42: 20 20 28 32 25 28
42x44: 49 51 54 46 39 44
39x36: 27 36 26 27 20 20
38x43: 45 40 42 43 43 39
37x43: 35 37 24 22 21 29
35x35: 29 33 35 31 24 35
39x46: 39 31 33 26 29 36
45x39: 42 20 33 37 33 29
45x50: 38 44 34 35 37 52
40x46: 64 44 42 44 56 35
36x49: 36 27 35 21 38 34
48x41: 40 62 47 42 63 52
45x50: 55 66 59 55 49 60
50x43: 30 43 39 32 35 44
48x50: 38 33 45 48 47 44
45x43: 53 31 37 42 18 29
36x45: 40 47 33 50 40 38
36x43: 27 24 25 29 27 35
42x40: 38 17 32 27 28 40
50x37: 28 39 37 22 27 39
38x44: 31 29 32 23 24 28
38x36: 29 19 24 21 30 20
47x48: 56 65 45 58 60 62
43x50: 54 53 57 56 54 57
41x37: 22 33 28 22 23 27
45x41: 45 53 45 54 37 47
40x37: 36 34 39 43 38 38
38x47: 49 33 56 48 34 53
40x35: 39 33 33 33 39 39
36x49: 39 46 46 38 50 54
36x45: 30 27 31 25 33 34
44x45: 30 41 36 42 33 28
38x36: 29 23 23 21 19 29
43x50: 39 41 32 36 38 37
49x46: 51 33 33 33 37 53
48x48: 36 51 35 36 39 58
41x48: 41 37 31 37 30 31
49x36: 48 39 40 50 56 41
50x41: 30 34 31 45 25 43
47x39: 53 45 49 42 55 41
35x38: 30 40 30 34 40 32
39x42: 37 41 42 38 44 51
38x40: 24 32 21 27 26 26
43x48: 36 38 40 30 40 40
37x46: 42 45 51 44 39 41
41x38: 27 32 25 32 15 25
47x45: 40 57 58 62 46 61
40x37: 31 34 44 46 31 41
37x44: 32 23 36 24 26 27
41x45: 36 20 43 26 39 30
39x50: 30 36 38 35 34 35
38x44: 46 46 47 48 36 33
37x43: 38 32 44 43 39 49
39x43: 30 35 34 38 20 25
48x46: 54 53 46 69 62 56
50x37: 32 30 33 29 35 33
37x47: 62 48 38 40 48 32
42x47: 45 51 49 54 52 53
42x46: 39 39 42 26 31 33
42x42: 47 44 34 49 55 44
38x48: 48 48 42 53 50 40
36x43: 38 38 38 38 35 50
44x49: 67 46 50 60 51 56
38x38: 25 30 22 23 20 23
44x45: 27 30 48 30 46 29
42x41: 52 41 37 48 36 48
41x41: 38 45 37 40 53 48
47x50: 62 60 61 60 61 58
48x42: 32 33 47 41 37 33
36x40: 21 21 31 21 30 31
37x45: 43 40 38 45 47 44
35x48: 22 28 37 28 26 34
43x43: 26 41 26 32 26 44
39x49: 38 38 35 27 39 30
36x37: 33 17 21 18 33 21
42x48: 44 57 38 54 54 62
49x44: 40 34 42 38 32 37
42x44: 42 50 57 53 40 42
45x39: 47 44 34 43 46 55
48x47: 36 40 40 32 47 44
38x47: 36 26 36 34 22 26
46x35: 38 32 48 39 41 51
41x41: 34 23 20 32 28 31
46x39: 62 35 48 47 34 47
37x48: 40 50 51 49 41 42
49x37: 56 42 55 45 49 34
37x37: 33 31 31 44 27 42
41x39: 36 45 46 41 45 35
37x47: 38 30 25 29 30 27
35x41: 36 57 27 34 45 23
47x47: 56 50 55 57 57 65
45x40: 37 50 40 52 49 49
38x37: 24 32 33 16 18 21
40x39: 26 30 39 26 11 37
48x44: 47 49 65 54 69 47
45x48: 37 38 49 40 41 35
35x46: 26 22 30 34 23 30
43x45: 43 43 58 52 45 57
46x42: 53 49 59 45 47 45
38x46: 40 37 21 26 31 24
40x37: 43 34 31 37 38 44
50x42: 46 52 50 55 61 61
39x35: 38 35 32 33 32 39
35x44: 42 42 49 38 23 40
43x45: 31 32 36 43 32 35
49x38: 34 22 34 27 40 35
42x47: 60 41 49 49 59 48
37x50: 47 46 52 37 42 60
43x49: 39 35 33 42 42 33
42x44: 30 27 31 38 35 34
46x43: 34 38 25 39 36 37
44x49: 61 45 54 44 66 65
40x42: 33 36 32 30 25 25
39x38: 41 37 33 38 36 42
36x45: 31 29 21 32 28 39
42x46: 53 47 55 47 56 42
41x42: 30 34 30 27 35 25
45x50: 43 44 44 29 38 41
47x41: 47 59 54 46 38 50
39x37: 27 22 23 39 24 21
39x50: 36 33 37 37 35 30
37x45: 25 25 32 31 39 28
35x36: 27 30 33 33 32 39
42x37: 20 29 27 33 34 24
45x43: 47 49 49 44 57 54
40x38: 26 25 29 20 30 26
44x45: 29 44 35 32 31 39
37x39: 40 40 37 39 36 30
45x41: 43 51 48 46 53 45
46x40: 32 39 31 26 35 31
47x44: 42 23 42 32 33 38
43x48: 53 57 43 51 66 50
44x50: 38 36 36 41 26 47
43x45: 33 33 32 43 31 37
44x39: 48 38 41 56 34 44
49x42: 63 54 48 45 63 46
46x36: 29 32 34 29 31 25
43x39: 36 28 23 34 33 28
47x50: 49 42 38 41 33 36
38x41: 25 31 28 30 24 18
46x41: 30 29 43 32 30 31
45x44: 37 28 23 48 36 38
49x50: 47 36 49 42 44 37
36x43: 41 38 38 36 49 39
35x38: 31 29 19 19 25 9
43x50: 53 50 57 48 57 67
42x49: 42 62 57 52 55 50
38x41: 38 36 46 43 33 43
42x49: 30 35 39 40 39 41
35x44: 22 34 27 25 18 27
36x45: 41 44 41 44 47 34
42x38: 47 39 37 45 44 34
36x46: 38 55 33 44 40 43
49x39: 48 53 37 45 54 57
49x35: 30 33 25 29 28 30
36x39: 32 32 38 36 48 34
49x49: 65 49 31 33 41 37
50x38: 36 34 26 25 30 41
37x38: 44 39 31 38 23 37
42x49: 39 34 47 46 38 20
41x48: 33 35 30 45 30 34
35x47: 50 40 55 42 38 29
44x43: 44 40 53 46 63 50
39x35: 21 26 26 27 19 24
39x49: 39 30 30 38 33 38
35x35: 27 24 28 14 12 16
36x50: 36 26 26 37 36 30
36x39: 25 27 27 26 31 20
36x41: 26 23 23 29 29 25
47x45: 37 31 40 34 38 44
47x41: 35 37 20 32 38 33
48x35: 44 42 49 41 38 44
39x48: 29 38 36 42 36 27
38x46: 51 41 33 53 50 41
39x44: 25 28 31 29 36 33
49x35: 27 27 38 27 24 32
39x35: 35 32 40 35 31 37
42x50: 45 49 57 58 51 63
45x46: 37 41 32 41 37 36
44x50: 39 35 33 42 37 37
37x37: 44 36 33 31 30 35
36x41: 21 26 31 20 31 26
38x42: 46 38 43 44 33 40
35x44: 24 25 30 32 21 22
49x50: 43 40 41 48 43 40
48x47: 48 63 68 57 62 52
42x38: 44 36 42 28 51 48
37x48: 58 37 33 47 43 53
46x44: 46 55 72 43 57 43
40x43: 45 50 38 39 47 46
40x37: 48 42 47 24 33 34
48x50: 42 49 51 47 36 30
40x45: 40 33 21 34 31 35
49x39: 47 53 44 43 54 54
37x46: 33 29 30 24 34 29
40x45: 32 33 41 33 25 31
35x39: 36 42 43 33 41 18
38x46: 52 41 46 52 44 34
46x44: 36 36 40 32 33 33
38x44: 36 26 22 35 28 20
43x36: 29 26 30 29 28 26
38x50: 35 37 31 32 25 32
50x48: 52 51 41 47 32 32
49x48: 41 39 33 53 45 45
50x43: 32 32 41 43 35 40
37x36: 20 27 19 34 24 20
49x40: 41 33 38 28 32 35
40x46: 30 42 31 26 28 38
35x41: 31 45 49 20 44 36
42x37: 31 24 33 17 26 36
47x45: 41 44 31 33 35 40
46x38: 47 50 53 47 29 40
44x37: 28 22 21 33 27 37
42x35: 23 29 28 26 32 16
39x46: 23 35 23 34 33 46
45x50: 44 36 41 44 45 30
48x49: 50 38 33 40 44 50
49x45: 47 72 51 51 57 61
35x41: 18 20 22 34 23 25
39x38: 24 26 32 26 20 27
45x45: 46 43 30 42 28 36
50x44: 26 41 38 42 36 41
43x47: 33 37 34 30 38 38
45x46: 33 45 31 46 43 27
38x45: 40 47 41 45 41 48
42x50: 33 47 27 38 43 36
38x38: 22 25 22 20 26 29
35x41: 32 35 45 27 40 44
50x41: 40 35 44 22 33 34
41x45: 29 36 33 26 37 33
48x48: 42 47 46 41 43 36
36x46: 34 34 35 29 21 26
48x41: 37 32 35 36 37 30
45x36: 30 46 24 35 24 20
44x49: 50 66 49 51 62 55
49x39: 56 39 52 50 54 45
41x45: 53 36 53 48 48 47
50x42: 36 39 36 30 46 36
49x47: 39 36 47 33 45 40
44x42: 28 32 36 44 27 29
39x43: 37 25 32 35 26 26
37x44: 27 36 33 24 17 31
45x47: 29 32 45 42 44 33
41x37: 29 34 19 21 25 28
35x48: 40 44 48 39 38 49
45x41: 42 31 41 31 17 32
40x50: 44 34 39 26 36 29
45x36: 34 35 33 34 20 23
46x35: 42 34 43 42 41 46
39x50: 62 39 54 55 47 43
39x48: 32 34 38 25 37 42
43x38: 46 44 39 32 45 46
35x49: 48 43 35 37 38 60
47x39: 49 43 52 54 40 43
40x47: 34 30 36 26 36 32
37x39: 35 45 31 37 42 33
43x40: 29 38 24 28 36 27
42x45: 40 30 44 35 27 33
44x46: 43 53 52 61 49 53
42x39: 44 43 37 41 40 46
47x41: 31 33 27 28 31 44
38x46: 29 38 24 41 25 22
39x46: 24 35 40 29 27 39
42x45: 36 31 39 27 48 29
41x36: 39 43 31 39 33 40
48x46: 44 61 46 65 66 59
48x39: 33 36 39 37 40 22
46x49: 39 48 43 36 36 37
38x46: 45 50 41 43 50 41
46x42: 48 60 55 46 42 45
49x45: 63 56 47 61 63 50
49x44: 37 44 39 39 35 30
38x44: 50 47 38 43 29 46
35x44: 27 32 24 19 31 21
42x39: 40 45 43 49 34 39
45x42: 36 29 26 40 39 39
39x37: 24 24 31 29 25 22
47x49: 42 54 33 26 44 40
50x39: 48 52 44 41 55 61
42x36: 27 20 29 35 24 32
43x42: 44 15 41 31 37 27
47x35: 25 35 29 26 27 23
41x37: 15 28 29 30 34 20
37x35: 34 25 38 34 26 41
48x44: 48 57 57 54 52 57
40x36: 29 43 29 36 42 43
43x42: 50 43 50 49 51 37
43x43: 33 32 34 36 30 30
50x47: 56 66 75 60 47 56
39x35: 28 26 27 13 24 24
39x44: 31 54 45 37 50 49
35x45: 26 30 34 23 28 23
47x42: 34 58 48 54 59 53
40x35: 47 38 36 27 34 33
41x41: 42 47 43 52 43 32
40x37: 25 25 22 30 29 25
41x48: 35 23 44 41 26 39
35x46: 27 22 30 30 30 25
44x38: 40 41 51 42 48 38
50x42: 34 43 28 38 36 45
44x48: 34 41 38 50 31 29
40x46: 30 24 31 30 46 34
37x35: 30 37 44 28 26 34
37x35: 30 35 36 38 27 32
39x40: 49 31 34 48 39 38
40x44: 35 29 31 33 30 24
35x46: 33 48 35 38 45 49
44x43: 34 27 35 38 38 24
44x42: 49 55 50 44 51 37
40x35: 38 36 35 35 37 35
35x49: 30 30 32 26 30 28
44x36: 23 30 30 29 30 26
42x41: 60 34 39 40 49 44
39x36: 13 39 28 24 25 26
47x49: 59 54 51 62 65 64
42x42: 33 31 43 29 21 38
49x39: 41 48 47 57 63 42
40x40: 24 24 37 29 17 37
48x35: 25 25 41 29 29 27
50x38: 42 55 45 64 38 45
49x40: 54 59 54 42 46 46
37x49: 54 47 50 39 40 48
46x39: 31 36 32 37 31 28
40x39: 20 27 35 38 17 32
35x42: 26 26 24 21 23 34
37x47: 31 27 31 32 31 27
38x49: 29 27 35 29 34 37
42x35: 35 38 38 46 39 31
37x37: 27 17 24 25 27 24
45x45: 47 38 42 35 21 41
35x39: 28 27 30 17 19 21
36x48: 54 43 44 39 37 47
35x46: 27 26 29 21 30 31
36x38: 39 33 33 41 19 41
41x46: 53 43 46 47 62 43
40x39: 25 32 32 23 26 31
49x40: 64 53 52 41 36 52
41x36: 43 41 35 36 41 32
39x44: 44 44 46 43 35 50
48x36: 25 28 33 33 36 37
44x38: 46 41 50 41 41 39
38x47: 51 46 37 48 39 51
42x37: 48 42 44 31 30 42
39x43: 32 30 39 32 28 21
50x48: 59 73 68 54 50 63
45x47: 59 43 52 53 63 58
49x38: 20 44 37 29 22 39
44x37: 43 50 33 38 44 42
44x49: 29 43 33 39 40 39
45x48: 32 48 51 41 37 31
48x43: 58 54 58 43 54 52
40x47: 55 38 50 58 53 37
39x39: 35 39 42 38 51 33
40x42: 33 38 56 50 41 42
39x36: 45 36 33 41 33 27
43x49: 42 32 33 46 41 29
50x36: 32 48 48 56 58 39
39x47: 26 37 27 35 36 34
40x41: 45 52 37 45 29 40
39x42: 52 37 48 40 35 39
45x43: 48 41 29 33 26 32
42x48: 48 48 56 56 55 49
35x40: 22 23 26 23 28 20
43x37: 40 44 39 37 34 49
50x44: 45 55 61 53 62 65
38x40: 26 30 32 23 20 24
48x35: 26 30 28 33 29 29
39x38: 28 22 29 24 25 27
42x42: 47 55 44 36 40 48
39x39: 36 24 33 33 20 22
49x35: 27 28 37 34 29 21
43x46: 33 41 33 31 31 40
47x41: 42 50 67 40 55 47
37x40: 51 35 41 31 36 34
35x41: 19 26 24 25 24 24
48x40: 41 56 49 48 47 54
35x42: 50 31 38 33 40 35
48x38: 41 40 29 21 30 31
43x43: 29 30 35 46 30 26
39x41: 48 33 42 43 39 41
39x37: 47 38 44 20 29 43
48x45: 46 45 53 67 62 61
46x36: 31 25 31 30 39 24
46x35: 29 23 35 26 23 29
37x37: 34 32 39 37 37 33
40x48: 37 35 36 34 35 31
39x42: 35 34 35 28 21 29
48x50: 53 59 75 58 64 63
43x47: 40 22 43 32 34 39
41x37: 35 44 30 37 38 48
45x47: 54 56 57 49 71 44
37x48: 24 26 44 23 37 38
40x38: 34 35 25 21 22 18
49x42: 58 50 58 49 57 47
37x35: 43 29 38 27 33 30
46x49: 50 76 63 40 59 60
46x45: 43 37 32 44 38 31
47x37: 36 52 45 44 48 44
48x49: 64 59 60 56 63 61
37x50: 46 43 49 49 50 49
36x50: 30 38 21 30 27 45
45x36: 46 49 32 42 34 43
36x42: 40 30 37 42 40 44
41x49: 32 39 33 23 36 45
49x35: 47 49 45 41 40 41
47x45: 41 54 49 68 41 68
36x43: 38 41 44 39 36 40
48x38: 43 39 35 48 63 56
46x44: 57 46 51 51 47 58
43x41: 26 34 27 25 29 40
40x42: 48 32 48 47 35 47
37x48: 27 26 30 37 39 33
49x48: 44 35 43 42 46 46
42x38: 24 25 26 31 31 31
42x50: 55 58 39 68 57 45
42x41: 26 36 29 32 29 30
43x50: 36 40 38 44 32 34
43x40: 23 32 28 40 28 30
36x38: 28 36 30 36 35 45
48x48: 28 44 44 47 49 44
43x45: 35 30 36 40 35 34
48x37: 44 45 54 41 43 47
44x42: 51 41 46 43 50 54
42x40: 39 32 28 32 22 29
49x38: 41 31 21 30 37 32
43x37: 39 43 34 47 51 33
45x50: 46 64 55 56 68 60
42x37: 38 21 25 28 35 21
50x41: 61 61 48 47 56 43
45x40: 38 35 29 34 28 30
36x48: 29 24 35 30 38 35
41x40: 33 49 40 42 44 45
43x41: 26 35 22 30 34 35
48x44: 31 38 37 39 32 46
47x46: 32 42 24 36 36 54
37x37: 27 16 20 23 27 30
48x39: 37 59 54 45 41 51
46x36: 39 48 41 41 36 48
35x49: 47 58 36 42 37 41
46x49: 36 35 42 44 39 44
35x45: 31 26 30 24 29 24
41x35: 22 26 26 25 20 23
41x41: 39 43 39 52 39 45
50x37: 32 34 32 35 33 25
40x44: 31 26 38 20 38 28
43x43: 32 24 38 38 31 33
44x49: 41 37 38 39 33 35
46x40: 45 58 48 45 46 41
41x50: 49 47 46 53 57 64
45x48: 38 45 35 33 52 36
44x40: 32 38 32 25 33 22
38x42: 21 31 29 25 28 33
47x36: 47 35 40 46 43 49
48x48: 40 50 37 47 39 43
47x42: 67 50 45 37 54 51
49x42: 52 43 45 56 68 56
38x38: 35 40 43 40 22 39
42x49: 58 55 65 52 58 32
38x44: 33 44 50 43 41 47
39x44: 30 36 22 32 28 33
49x41: 35 39 25 36 36 36
36x40: 31 26 25 24 23 27
41x40: 20 27 29 32 28 32
48x43: 59 54 57 50 48 49
41x46: 43 45 34 26 18 29
41x38: 31 25 28 27 20 24
40x38: 27 23 33 27 29 16
45x43: 34 39 22 44 40 30
35x46: 40 39 44 43 37 44
45x43: 44 56 53 38 51 57
40x44: 38 29 32 26 28 29
38x49: 37 39 27 35 23 31
37x48: 39 27 37 29 25 34
47x49: 57 71 55 55 59 57
48x45: 53 49 53 62 55 60
43x46: 33 47 27 44 28 31
36x37: 40 30 29 38 40 29
42x44: 29 32 45 25 27 37
45x43: 48 51 37 52 59 52
47x40: 48 44 62 49 43 44
36x48: 40 55 43 40 24 58
45x43: 63 41 52 55 45 41
46x47: 45 59 59 49 57 65
45x50: 58 49 68 55 55 62
37x42: 26 28 35 28 27 23
42x39: 44 47 39 43 39 39
36x50: 51 40 47 40 45 54
39x38: 25 21 32 26 24 28
45x44: 61 43 43 47 59 53
50x48: 55 61 69 60 73 56
42x39: 40 42 42 45 45 39
47x48: 51 60 58 57 56 65
45x41: 54 47 44 49 42 46
40x38: 30 26 21 30 34 15
47x37: 51 47 38 40 38 51
49x50: 59 40 34 36 40 47
39x42: 30 24 33 20 38 36
42x47: 63 53 45 43 57 44
39x39: 35 33 28 25 25 22
39x41: 32 26 32 28 30 21
38x37: 25 27 14 25 26 27
44x47: 33 37 38 30 39 32
42x48: 30 36 39 38 39 41
39x43: 39 47 42 51 43 36
38x38: 20 31 21 26 21 25
38x46: 37 31 24 33 22 33
38x50: 59 43 53 47 38 50
39x49: 53 44 45 49 64 43
38x36: 29 31 23 22 20 18
49x47: 41 42 44 36 42 34
43x45: 59 46 46 58 41 45
35x36: 28 19 23 22 23 16
48x41: 50 41 49 50 48 64
48x42: 44 33 34 40 35 37
45x49: 47 37 45 38 44 29
42x49: 30 27 29 44 48 45
43x48: 44 32 32 28 39 49
39x41: 22 36 25 27 33 25
42x48: 33 37 39 34 37 44
40x36: 27 25 27 26 21 30
40x35: 39 37 37 29 40 35
47x40: 29 30 39 36 26 35
36x42: 42 30 42 44 31 42
39x44: 29 31 30 32 25 34
37x46: 27 26 28 36 32 30
38x35: 21 28 20 23 21 18
47x47: 27 42 46 31 41 37
45x45: 37 43 37 32 34 41
43x41: 34 34 25 27 34 28
35x37: 16 22 25 30 22 16
46x47: 42 38 41 38 26 40
48x41: 34 37 43 40 29 25
50x45: 46 38 38 44 38 36
50x49: 45 48 39 31 45 48
48x48: 54 55 51 50 89 63
46x39: 36 26 31 36 38 28
44x37: 42 40 43 41 45 41
36x47: 50 32 53 47 44 36
46x39: 39 30 33 29 28 35
42x39: 30 26 23 35 34 33
47x45: 20 41 50 30 40 43
48x41: 34 36 33 31 43 30
45x38: 41 48 33 69 38 31
44x36: 29 30 18 34 37 20
35x45: 22 36 26 27 23 30
40x43: 27 51 50 37 41 59
41x49: 68 47 50 46 48 49
40x45: 39 51 45 57 50 36
37x37: 21 26 29 19 25 23
42x40: 57 40 38 34 50 41
46x39: 32 29 30 37 31 35
44x40: 28 24 30 30 36 34
38x36: 37 39 33 35 33 33
38x43: 40 27 20 28 25 28
46x48: 36 46 36 45 46 31
44x48: 39 34 37 28 42 44
38x50: 48 50 38 54 49 52
49x47: 62 55 61 52 60 65
46x41: 41 35 32 29 21 36
41x35: 24 52 42 37 37 30
43x50: 37 46 29 49 26 37
37x41: 37 44 41 35 36 40
37x39: 41 40 25 36 31 46
45x36: 45 37 47 53 30 35
41x48: 44 47 57 37 57 64
49x39: 35 38 27 45 38 25
42x38: 43 44 47 43 28 38
36x43: 27 25 25 36 32 22
41x50: 32 41 27 39 33 36
38x49: 25 30 26 34 34 43
37x41: 29 24 19 25 29 30
40x46: 34 33 25 26 39 37
48x35: 33 25 31 26 24 36
38x40: 30 26 24 30 26 19
38x37: 42 33 34 30 38 40
44x46: 40 37 41 24 31 37
38x44: 20 32 37 21 25 33
43x41: 46 43 61 41 46 37
38x44: 45 35 49 34 52 46
50x35: 32 44 39 48 46 60
42x42: 26 29 36 26 34 44
50x50: 68 72 65 57 57 64
48x40: 31 38 33 39 38 29
37x37: 27 37 38 37 34 38
50x37: 55 39 43 43 53 53
43x44: 26 35 38 32 26 39
37x48: 32 36 39 28 25 31
35x37: 24 23 26 18 17 23
48x38: 35 36 17 45 27 31
44x45: 37 42 38 37 32 24
36x49: 40 41 48 45 49 50
44x41: 42 46 53 48 44 45
49x37: 56 43 55 36 49 42
42x35: 22 22 27 28 30 25
44x45: 43 57 48 57 52 48
41x41: 41 50 40 37 45 46
36x49: 29 34 36 25 31 37
48x40: 46 51 53 51 45 49
42x50: 36 29 40 42 37 40
45x46: 56 53 51 53 52 53
38x37: 29 31 46 41 40 32
44x42: 49 57 47 42 45 44
39x47: 26 31 32 43 29 33
42x50: 53 44 55 55 62 57
48x42: 37 38 35 38 37 39
36x39: 38 35 37 35 28 41
40x36: 29 25 30 30 20 21
39x45: 44 30 35 31 28 26
49x47: 49 34 33 55 37 32
39x45: 40 43 52 47 51 40
49x36: 52 38 41 37 48 56
43x44: 40 36 28 31 31 30
46x38: 26 42 28 34 25 24
50x41: 50 46 51 61 48 58
46x49: 49 33 41 39 40 38
38x47: 31 31 31 30 31 25
50x48: 61 59 65 67 61 57
36x41: 36 36 44 41 30 39
48x50: 43 41 38 51 41 42
39x48: 49 50 43 55 56 37
47x50: 52 63 54 68 67 59
46x47: 38 30 33 41 48 34
38x49: 36 29 33 27 35 31
43x36: 29 17 26 38 26 32
47x48: 40 35 36 39 50 39
41x42: 46 53 38 49 29 45
35x35: 24 17 19 17 24 20
40x48: 58 40 63 33 61 46
47x38: 32 26 33 33 28 27
47x45: 34 41 36 38 46 29
50x49: 43 37 41 46 42 46
45x46: 36 36 38 37 36 42
35x37: 27 9 22 25 18 31
42x50: 41 64 58 49 57 56
40x39: 43 43 30 35 41 47
36x46: 24 23 35 35 24 38
48x49: 55 64 73 58 64 51
45x41: 33 31 24 34 28 45
36x50: 53 44 53 40 38 48
50x46: 44 35 39 53 36 32
39x45: 37 28 35 36 29 29
42x47: 51 54 60 48 42 48